chi2_total: 778.1419366050477
df: 128
p_value: 9.542579654470197e-94
