chi2_total: 125.03455865671594
df: 114
p_value: 0.22594279138029547
