chi2_total: 257.60139509806515
df: 87
p_value: 8.759008192071257e-19
